Q
   0    0    0    0    0    0    0    0
   0    0    0    0    0    0    0    0
   0    0    0    0    0    0    0    0
   0    0    0    0    0    0    0    0
   0    0    0    0    0    0    0    0
   0    0    0    0    0    0    0    0
   0    0    0    0    0    0 1200    0
   0    0    0    0    0    0    0    0
P
     1.20911    0.0844772      1.20911    0.0844772    0.0247002   -0.0247002      72.0937      9.31722
   0.0844772   0.00594836    0.0844772   0.00594836   0.00176479  -0.00176479      4.91191     0.650199
     1.20911    0.0844772      1.20911    0.0844772    0.0247002   -0.0247002      72.0937      9.31722
   0.0844772   0.00594836    0.0844772   0.00594836   0.00176479  -0.00176479      4.91191     0.650199
   0.0247002   0.00176479    0.0247002   0.00176479  0.000555191 -0.000555191      1.39949     0.191057
  -0.0247002  -0.00176479   -0.0247002  -0.00176479 -0.000555191  0.000555191     -1.39949    -0.191057
     72.0937      4.91191      72.0937      4.91191      1.39949     -1.39949      6474.36       574.87
     9.31722     0.650199      9.31722     0.650199     0.191057    -0.191057       574.87      72.3172
R
   0.1      0      0      0
     0    0.1      0      0
     0      0 0.0008      0
     0      0      0 0.0008
R_delta
70  0  0  0
 0 70  0  0
 0  0 70  0
 0  0  0 70
constraint 
0.29


A
    0.782714    0.0224343            0            0            0            0            0            0
    -8.78138     0.201802            0            0            0            0            0            0
           0            0     0.782714    0.0224343            0            0            0            0
           0            0     -8.78138     0.201802            0            0            0            0
           0            0            0            0     0.852144            0            0            0
           0            0            0            0            0     0.852144            0            0
  0.00297324  0.000147926   0.00297324  0.000147926  3.16691e-05 -3.16691e-05            1         0.04
    0.130198   0.00703908     0.130198   0.00703908   0.00154234  -0.00154234            0            1
B
    0.215525            0            0            0
     8.84393            0            0            0
           0     0.215525            0            0
           0      8.84393            0            0
           0            0     0.147975            0
           0            0            0     0.147975
 -0.00158618  -0.00158618  1.68604e-06 -1.68604e-06
  -0.0620126   -0.0620126  0.000125442 -0.000125442
Bd
   0.0368517  0.000550615            0            0            0            0            0            0
   -0.215525    0.0225941            0            0            0            0            0            0
           0            0    0.0368517  0.000550615            0            0            0            0
           0            0    -0.215525    0.0225941            0            0            0            0
           0            0            0            0    0.0369936            0            0            0
           0            0            0            0            0    0.0369936            0            0
 4.15876e-05  1.98561e-06  4.15876e-05  1.98561e-06   4.2151e-07  -4.2151e-07         0.04     0.000792
  0.00294716  0.000146518   0.00294716  0.000146518  3.13605e-05 -3.13605e-05            0         0.04
x_ss target state
-0.0219641
-0.0606984
-0.0389772
 0.0148818
   2.81062
  -28.7797
      -0.3
 -0.729259
u_ss target input
 -0.215131
-0.0382607
   -17.717
  -34.9954
x0 current state
 -0.293616
-0.0304099
 -0.293753
-0.0302969
   2.56702
 -0.218733
 -0.253301
  0.200496
d estimated dsturbance 
-0.0157681
-0.0311362
-0.0580384
 0.0950018
   19.7154
   10.2148
  0.718002
 0.0369533
u previous
    -0.29
    -0.29
-0.591358
 0.591358

